<!DOCTYPE html>
<html><head data-gwd-animation-mode="proMode"><meta name="GCD" content="YTk3ODQ3ZWZhN2I4NzZmMzBkNTEwYjJld41fc3424f8e613f2a435e867dc2f377"/>
    
    <script data-source="custom.elements.min.js" type="text/javascript">/**
 * @license
 * Copyright (c) 2012 The Polymer Authors. All rights reserved.
 *
 * Redistribution and use in source and binary forms, with or without
 * modification, are permitted provided that the following conditions are
 * met:
 *
 *    * Redistributions of source code must retain the above copyright
 * notice, this list of conditions and the following disclaimer.
 *    * Redistributions in binary form must reproduce the above
 * copyright notice, this list of conditions and the following disclaimer
 * in the documentation and/or other materials provided with the
 * distribution.
 *    * Neither the name of Google Inc. nor the names of its
 * contributors may be used to endorse or promote products derived from
 * this software without specific prior written permission.
 *
 * THIS SOFTWARE IS PROVIDED BY THE COPYRIGHT HOLDERS AND CONTRIBUTORS
 * "AS IS" AND ANY EXPRESS OR IMPLIED WARRANTIES, INCLUDING, BUT NOT
 * LIMITED TO, THE IMPLIED WARRANTIES OF MERCHANTABILITY AND FITNESS FOR
 * A PARTICULAR PURPOSE ARE DISCLAIMED. IN NO EVENT SHALL THE COPYRIGHT
 * OWNER OR CONTRIBUTORS BE LIABLE FOR ANY DIRECT, INDIRECT, INCIDENTAL,
 * SPECIAL, EXEMPLARY, OR CONSEQUENTIAL DAMAGES (INCLUDING, BUT NOT
 * LIMITED TO, PROCUREMENT OF SUBSTITUTE GOODS OR SERVICES; LOSS OF USE,
 * DATA, OR PROFITS; OR BUSINESS INTERRUPTION) HOWEVER CAUSED AND ON ANY
 * THEORY OF LIABILITY, WHETHER IN CONTRACT, STRICT LIABILITY, OR TORT
 * (INCLUDING NEGLIGENCE OR OTHERWISE) ARISING IN ANY WAY OUT OF THE USE
 * OF THIS SOFTWARE, EVEN IF ADVISED OF THE POSSIBILITY OF SUCH DAMAGE.
 */
// @version v0.0.20140401

"undefined"==typeof WeakMap&&!function(){var a=Object.defineProperty,b=Date.now()%1e9,c=function(){this.name="__st"+(1e9*Math.random()>>>0)+(b++ +"__")};c.prototype={set:function(b,c){var d=b[this.name];d&&d[0]===b?d[1]=c:a(b,this.name,{value:[b,c],writable:!0})},get:function(a){var b;return(b=a[this.name])&&b[0]===a?b[1]:void 0},"delete":function(a){this.set(a,void 0)}},window.WeakMap=c}(),function(a){function b(a){u.push(a),t||(t=!0,q(d))}function c(a){return window.ShadowDOMPolyfill&&window.ShadowDOMPolyfill.wrapIfNeeded(a)||a}function d(){t=!1;var a=u;u=[],a.sort(function(a,b){return a.uid_-b.uid_});var b=!1;a.forEach(function(a){var c=a.takeRecords();e(a),c.length&&(a.callback_(c,a),b=!0)}),b&&d()}function e(a){a.nodes_.forEach(function(b){var c=p.get(b);c&&c.forEach(function(b){b.observer===a&&b.removeTransientObservers()})})}function f(a,b){for(var c=a;c;c=c.parentNode){var d=p.get(c);if(d)for(var e=0;e<d.length;e++){var f=d[e],g=f.options;if(c===a||g.subtree){var h=b(g);h&&f.enqueue(h)}}}}function g(a){this.callback_=a,this.nodes_=[],this.records_=[],this.uid_=++v}function h(a,b){this.type=a,this.target=b,this.addedNodes=[],this.removedNodes=[],this.previousSibling=null,this.nextSibling=null,this.attributeName=null,this.attributeNamespace=null,this.oldValue=null}function i(a){var b=new h(a.type,a.target);return b.addedNodes=a.addedNodes.slice(),b.removedNodes=a.removedNodes.slice(),b.previousSibling=a.previousSibling,b.nextSibling=a.nextSibling,b.attributeName=a.attributeName,b.attributeNamespace=a.attributeNamespace,b.oldValue=a.oldValue,b}function j(a,b){return w=new h(a,b)}function k(a){return x?x:(x=i(w),x.oldValue=a,x)}function l(){w=x=void 0}function m(a){return a===x||a===w}function n(a,b){return a===b?a:x&&m(a)?x:null}function o(a,b,c){this.observer=a,this.target=b,this.options=c,this.transientObservedNodes=[]}var p=new WeakMap,q=window.msSetImmediate;if(!q){var r=[],s=String(Math.random());window.addEventListener("message",function(a){if(a.data===s){var b=r;r=[],b.forEach(function(a){a()})}}),q=function(a){r.push(a),window.postMessage(s,"*")}}var t=!1,u=[],v=0;g.prototype={observe:function(a,b){if(a=c(a),!b.childList&&!b.attributes&&!b.characterData||b.attributeOldValue&&!b.attributes||b.attributeFilter&&b.attributeFilter.length&&!b.attributes||b.characterDataOldValue&&!b.characterData)throw new SyntaxError;var d=p.get(a);d||p.set(a,d=[]);for(var e,f=0;f<d.length;f++)if(d[f].observer===this){e=d[f],e.removeListeners(),e.options=b;break}e||(e=new o(this,a,b),d.push(e),this.nodes_.push(a)),e.addListeners()},disconnect:function(){this.nodes_.forEach(function(a){for(var b=p.get(a),c=0;c<b.length;c++){var d=b[c];if(d.observer===this){d.removeListeners(),b.splice(c,1);break}}},this),this.records_=[]},takeRecords:function(){var a=this.records_;return this.records_=[],a}};var w,x;o.prototype={enqueue:function(a){var c=this.observer.records_,d=c.length;if(c.length>0){var e=c[d-1],f=n(e,a);if(f)return void(c[d-1]=f)}else b(this.observer);c[d]=a},addListeners:function(){this.addListeners_(this.target)},addListeners_:function(a){var b=this.options;b.attributes&&a.addEventListener("DOMAttrModified",this,!0),b.characterData&&a.addEventListener("DOMCharacterDataModified",this,!0),b.childList&&a.addEventListener("DOMNodeInserted",this,!0),(b.childList||b.subtree)&&a.addEventListener("DOMNodeRemoved",this,!0)},removeListeners:function(){this.removeListeners_(this.target)},removeListeners_:function(a){var b=this.options;b.attributes&&a.removeEventListener("DOMAttrModified",this,!0),b.characterData&&a.removeEventListener("DOMCharacterDataModified",this,!0),b.childList&&a.removeEventListener("DOMNodeInserted",this,!0),(b.childList||b.subtree)&&a.removeEventListener("DOMNodeRemoved",this,!0)},addTransientObserver:function(a){if(a!==this.target){this.addListeners_(a),this.transientObservedNodes.push(a);var b=p.get(a);b||p.set(a,b=[]),b.push(this)}},removeTransientObservers:function(){var a=this.transientObservedNodes;this.transientObservedNodes=[],a.forEach(function(a){this.removeListeners_(a);for(var b=p.get(a),c=0;c<b.length;c++)if(b[c]===this){b.splice(c,1);break}},this)},handleEvent:function(a){switch(a.stopImmediatePropagation(),a.type){case"DOMAttrModified":var b=a.attrName,c=a.relatedNode.namespaceURI,d=a.target,e=new j("attributes",d);e.attributeName=b,e.attributeNamespace=c;var g=a.attrChange===MutationEvent.ADDITION?null:a.prevValue;f(d,function(a){return!a.attributes||a.attributeFilter&&a.attributeFilter.length&&-1===a.attributeFilter.indexOf(b)&&-1===a.attributeFilter.indexOf(c)?void 0:a.attributeOldValue?k(g):e});break;case"DOMCharacterDataModified":var d=a.target,e=j("characterData",d),g=a.prevValue;f(d,function(a){return a.characterData?a.characterDataOldValue?k(g):e:void 0});break;case"DOMNodeRemoved":this.addTransientObserver(a.target);case"DOMNodeInserted":var h,i,d=a.relatedNode,m=a.target;"DOMNodeInserted"===a.type?(h=[m],i=[]):(h=[],i=[m]);var n=m.previousSibling,o=m.nextSibling,e=j("childList",d);e.addedNodes=h,e.removedNodes=i,e.previousSibling=n,e.nextSibling=o,f(d,function(a){return a.childList?e:void 0})}l()}},a.JsMutationObserver=g,a.MutationObserver||(a.MutationObserver=g)}(this),window.CustomElements=window.CustomElements||{flags:{}},function(a){function b(a,c,d){var e=a.firstElementChild;if(!e)for(e=a.firstChild;e&&e.nodeType!==Node.ELEMENT_NODE;)e=e.nextSibling;for(;e;)c(e,d)!==!0&&b(e,c,d),e=e.nextElementSibling;return null}function c(a,b){for(var c=a.shadowRoot;c;)d(c,b),c=c.olderShadowRoot}function d(a,d){b(a,function(a){return d(a)?!0:void c(a,d)}),c(a,d)}function e(a){return h(a)?(i(a),!0):void l(a)}function f(a){d(a,function(a){return e(a)?!0:void 0})}function g(a){return e(a)||f(a)}function h(b){if(!b.__upgraded__&&b.nodeType===Node.ELEMENT_NODE){var c=b.getAttribute("is")||b.localName,d=a.registry[c];if(d)return A.dom&&console.group("upgrade:",b.localName),a.upgrade(b),A.dom&&console.groupEnd(),!0}}function i(a){l(a),r(a)&&d(a,function(a){l(a)})}function j(a){if(E.push(a),!D){D=!0;var b=window.Platform&&window.Platform.endOfMicrotask||setTimeout;b(k)}}function k(){D=!1;for(var a,b=E,c=0,d=b.length;d>c&&(a=b[c]);c++)a();E=[]}function l(a){C?j(function(){m(a)}):m(a)}function m(a){(a.attachedCallback||a.detachedCallback||a.__upgraded__&&A.dom)&&(A.dom&&console.group("inserted:",a.localName),r(a)&&(a.__inserted=(a.__inserted||0)+1,a.__inserted<1&&(a.__inserted=1),a.__inserted>1?A.dom&&console.warn("inserted:",a.localName,"insert/remove count:",a.__inserted):a.attachedCallback&&(A.dom&&console.log("inserted:",a.localName),a.attachedCallback())),A.dom&&console.groupEnd())}function n(a){o(a),d(a,function(a){o(a)})}function o(a){C?j(function(){p(a)}):p(a)}function p(a){(a.attachedCallback||a.detachedCallback||a.__upgraded__&&A.dom)&&(A.dom&&console.group("removed:",a.localName),r(a)||(a.__inserted=(a.__inserted||0)-1,a.__inserted>0&&(a.__inserted=0),a.__inserted<0?A.dom&&console.warn("removed:",a.localName,"insert/remove count:",a.__inserted):a.detachedCallback&&a.detachedCallback()),A.dom&&console.groupEnd())}function q(a){return window.ShadowDOMPolyfill?ShadowDOMPolyfill.wrapIfNeeded(a):a}function r(a){for(var b=a,c=q(document);b;){if(b==c)return!0;b=b.parentNode||b.host}}function s(a){if(a.shadowRoot&&!a.shadowRoot.__watched){A.dom&&console.log("watching shadow-root for: ",a.localName);for(var b=a.shadowRoot;b;)t(b),b=b.olderShadowRoot}}function t(a){a.__watched||(w(a),a.__watched=!0)}function u(a){if(A.dom){var b=a[0];if(b&&"childList"===b.type&&b.addedNodes&&b.addedNodes){for(var c=b.addedNodes[0];c&&c!==document&&!c.host;)c=c.parentNode;var d=c&&(c.URL||c._URL||c.host&&c.host.localName)||"";d=d.split("/?").shift().split("/").pop()}console.group("mutations (%d) [%s]",a.length,d||"")}a.forEach(function(a){"childList"===a.type&&(G(a.addedNodes,function(a){a.localName&&g(a)}),G(a.removedNodes,function(a){a.localName&&n(a)}))}),A.dom&&console.groupEnd()}function v(){u(F.takeRecords()),k()}function w(a){F.observe(a,{childList:!0,subtree:!0})}function x(a){w(a)}function y(a){A.dom&&console.group("upgradeDocument: ",a.baseURI.split("/").pop()),g(a),A.dom&&console.groupEnd()}function z(a){a=q(a);for(var b,c=a.querySelectorAll("link[rel="+B+"]"),d=0,e=c.length;e>d&&(b=c[d]);d++)b.import&&b.import.__parsed&&z(b.import);y(a)}var A=window.logFlags||{},B=window.HTMLImports?HTMLImports.IMPORT_LINK_TYPE:"none",C=!window.MutationObserver||window.MutationObserver===window.JsMutationObserver;a.hasPolyfillMutations=C;var D=!1,E=[],F=new MutationObserver(u),G=Array.prototype.forEach.call.bind(Array.prototype.forEach);a.IMPORT_LINK_TYPE=B,a.watchShadow=s,a.upgradeDocumentTree=z,a.upgradeAll=g,a.upgradeSubtree=f,a.insertedNode=i,a.observeDocument=x,a.upgradeDocument=y,a.takeRecords=v}(window.CustomElements),function(a){function b(b,g){var h=g||{};if(!b)throw new Error("document.registerElement: first argument `name` must not be empty");if(b.indexOf("-")<0)throw new Error("document.registerElement: first argument ('name') must contain a dash ('-'). Argument provided was '"+String(b)+"'.");if(c(b))throw new Error("Failed to execute 'registerElement' on 'Document': Registration failed for type '"+String(b)+"'. The type name is invalid.");if(n(b))throw new Error("DuplicateDefinitionError: a type with name '"+String(b)+"' is already registered");if(!h.prototype)throw new Error("Options missing required prototype property");return h.__name=b.toLowerCase(),h.lifecycle=h.lifecycle||{},h.ancestry=d(h.extends),e(h),f(h),l(h.prototype),o(h.__name,h),h.ctor=p(h),h.ctor.prototype=h.prototype,h.prototype.constructor=h.ctor,a.ready&&a.upgradeDocumentTree(document),h.ctor}function c(a){for(var b=0;b<y.length;b++)if(a===y[b])return!0}function d(a){var b=n(a);return b?d(b.extends).concat([b]):[]}function e(a){for(var b,c=a.extends,d=0;b=a.ancestry[d];d++)c=b.is&&b.tag;a.tag=c||a.__name,c&&(a.is=a.__name)}function f(a){if(!Object.__proto__){var b=HTMLElement.prototype;if(a.is){var c=document.createElement(a.tag);b=Object.getPrototypeOf(c)}for(var d,e=a.prototype;e&&e!==b;){var d=Object.getPrototypeOf(e);e.__proto__=d,e=d}}a.native=b}function g(a){return h(B(a.tag),a)}function h(b,c){return c.is&&b.setAttribute("is",c.is),b.removeAttribute("unresolved"),i(b,c),b.__upgraded__=!0,k(b),a.insertedNode(b),a.upgradeSubtree(b),b}function i(a,b){Object.__proto__?a.__proto__=b.prototype:(j(a,b.prototype,b.native),a.__proto__=b.prototype)}function j(a,b,c){for(var d={},e=b;e!==c&&e!==HTMLElement.prototype;){for(var f,g=Object.getOwnPropertyNames(e),h=0;f=g[h];h++)d[f]||(Object.defineProperty(a,f,Object.getOwnPropertyDescriptor(e,f)),d[f]=1);e=Object.getPrototypeOf(e)}}function k(a){a.createdCallback&&a.createdCallback()}function l(a){if(!a.setAttribute._polyfilled){var b=a.setAttribute;a.setAttribute=function(a,c){m.call(this,a,c,b)};var c=a.removeAttribute;a.removeAttribute=function(a){m.call(this,a,null,c)},a.setAttribute._polyfilled=!0}}function m(a,b,c){var d=this.getAttribute(a);c.apply(this,arguments);var e=this.getAttribute(a);this.attributeChangedCallback&&e!==d&&this.attributeChangedCallback(a,d,e)}function n(a){return a?z[a.toLowerCase()]:void 0}function o(a,b){z[a]=b}function p(a){return function(){return g(a)}}function q(a,b,c){return a===A?r(b,c):C(a,b)}function r(a,b){var c=n(b||a);if(c){if(a==c.tag&&b==c.is)return new c.ctor;if(!b&&!c.is)return new c.ctor}if(b){var d=r(a);return d.setAttribute("is",b),d}var d=B(a);return a.indexOf("-")>=0&&i(d,HTMLElement),d}function s(a){if(!a.__upgraded__&&a.nodeType===Node.ELEMENT_NODE){var b=a.getAttribute("is"),c=n(b||a.localName);if(c){if(b&&c.tag==a.localName)return h(a,c);if(!b&&!c.extends)return h(a,c)}}}function t(b){var c=D.call(this,b);return a.upgradeAll(c),c}a||(a=window.CustomElements={flags:{}});var u=a.flags,v=Boolean(document.registerElement),w=!u.register&&v&&!window.ShadowDOMPolyfill;if(w){var x=function(){};a.registry={},a.upgradeElement=x,a.watchShadow=x,a.upgrade=x,a.upgradeAll=x,a.upgradeSubtree=x,a.observeDocument=x,a.upgradeDocument=x,a.upgradeDocumentTree=x,a.takeRecords=x,a.reservedTagList=[]}else{var y=["annotation-xml","color-profile","font-face","font-face-src","font-face-uri","font-face-format","font-face-name","missing-glyph"],z={},A="http://www.w3.org/1999/xhtml",B=document.createElement.bind(document),C=document.createElementNS.bind(document),D=Node.prototype.cloneNode;document.registerElement=b,document.createElement=r,document.createElementNS=q,Node.prototype.cloneNode=t,a.registry=z,a.upgrade=s}var E;E=Object.__proto__||w?function(a,b){return a instanceof b}:function(a,b){for(var c=a;c;){if(c===b.prototype)return!0;c=c.__proto__}return!1},a.instanceof=E,a.reservedTagList=y,document.register=document.registerElement,a.hasNative=v,a.useNative=w}(window.CustomElements),function(a){function b(a){return"link"===a.localName&&a.getAttribute("rel")===c}var c=a.IMPORT_LINK_TYPE,d={selectors:["link[rel="+c+"]"],map:{link:"parseLink"},parse:function(a){if(!a.__parsed){a.__parsed=!0;var b=a.querySelectorAll(d.selectors);e(b,function(a){d[d.map[a.localName]](a)}),CustomElements.upgradeDocument(a),CustomElements.observeDocument(a)}},parseLink:function(a){b(a)&&this.parseImport(a)},parseImport:function(a){a.import&&d.parse(a.import)}},e=Array.prototype.forEach.call.bind(Array.prototype.forEach);a.parser=d,a.IMPORT_LINK_TYPE=c}(window.CustomElements),function(a){function b(){CustomElements.parser.parse(document),CustomElements.upgradeDocument(document);var a=window.Platform&&Platform.endOfMicrotask?Platform.endOfMicrotask:setTimeout;a(function(){CustomElements.ready=!0,CustomElements.readyTime=Date.now(),window.HTMLImports&&(CustomElements.elapsed=CustomElements.readyTime-HTMLImports.readyTime),document.dispatchEvent(new CustomEvent("WebComponentsReady",{bubbles:!0})),window.HTMLImports&&(HTMLImports.__importsParsingHook=function(a){CustomElements.parser.parse(a.import)})})}if("function"!=typeof window.CustomEvent&&(window.CustomEvent=function(a){var b=document.createEvent("HTMLEvents");return b.initEvent(a,!0,!0),b}),"complete"===document.readyState||a.flags.eager)b();else if("interactive"!==document.readyState||window.attachEvent||window.HTMLImports&&!window.HTMLImports.ready){var c=window.HTMLImports&&!HTMLImports.ready?"HTMLImportsLoaded":"DOMContentLoaded";window.addEventListener(c,b)}else b()}(window.CustomElements);
</script>
    <meta name="generator" content="Google Web Designer 1.1.2.0814">
    <meta name="template" content="Banner 2.0.16">
    <meta http-equiv="Content-Type" content="text/html; charset=utf-8">
    <meta name="viewport" content="width=device-width, initial-scale=1.0">
    <style type="text/css" id="gwd-lightbox-style">.gwd-lightbox{overflow:hidden}</style><style data-exports-type="gwd-pagedeck" data-gwd-node="true" type="text/css">.gwd-pagedeck{overflow:hidden;position:relative}.gwd-pagedeck>.gwd-page.transparent{opacity:0}.gwd-pagedeck>.gwd-page{position:absolute;top:0;left:0;-webkit-transition-property:-webkit-transform,opacity;-moz-transition-property:transform,opacity;transition-property:transform,opacity}.gwd-pagedeck>.gwd-page.linear{transition-timing-function:linear}.gwd-pagedeck>.gwd-page.ease-in{transition-timing-function:ease-in}.gwd-pagedeck>.gwd-page.ease-out{transition-timing-function:ease-out}.gwd-pagedeck>.gwd-page.ease{transition-timing-function:ease}.gwd-pagedeck>.gwd-page.ease-in-out{transition-timing-function:ease-in-out}</style>
    <style type="text/css">html,body{width:100%;height:100%;margin:0px}.gwd-page-container{position:relative;width:100%;height:100%}.gwd-page-content{background-color:transparent;-webkit-transform:matrix3d(1, 0, 0, 0, 0, 1, 0, 0, 0, 0, 1, 0, 0, 0, 0, 1);-moz-transform:matrix3d(1, 0, 0, 0, 0, 1, 0, 0, 0, 0, 1, 0, 0, 0, 0, 1);transform:matrix3d(1, 0, 0, 0, 0, 1, 0, 0, 0, 0, 1, 0, 0, 0, 0, 1);-webkit-perspective:1400px;-moz-perspective:1400px;perspective:1400px;-webkit-transform-style:preserve-3d;-moz-transform-style:preserve-3d;transform-style:preserve-3d;position:absolute}.gwd-page-wrapper{position:absolute;-webkit-transform:translateZ(0);-moz-transform:translateZ(0);transform:translateZ(0)}.gwd-page-size{width:1360px;height:600px}.gwd-img-847c{position:absolute;width:120px;height:150px;-webkit-transform-style:preserve-3d;-moz-transform-style:preserve-3d;transform-style:preserve-3d;left:1262px;top:5.75px;-webkit-transform:matrix3d(1, 0, 0, 0, 0, 1, 0, 0, 0, 0, 1, 0, 0, 0, 0, 1);-moz-transform:matrix3d(1, 0, 0, 0, 0, 1, 0, 0, 0, 0, 1, 0, 0, 0, 0, 1);transform:matrix3d(1, 0, 0, 0, 0, 1, 0, 0, 0, 0, 1, 0, 0, 0, 0, 1)}@-webkit-keyframes gwd-gen-wktegwdanimation_gwd-keyframes{0%{left:1262px;top:5.75px;-webkit-transform:matrix3d(1, 0, 0, 0, 0, 1, 0, 0, 0, 0, 1, 0, 0, 0, 0, 1);-webkit-animation-timing-function:linear}17.14%{left:1084.4999999999993px;top:155.75000000000153px;-webkit-transform:matrix3d(.02157845, .99864096, -0.04744056, 0, .99964329, -0.0222984, -0.01469923, 0, -0.0157371, -0.04710645, -0.9987659, 0, 0, 0, 0, 1);-webkit-animation-timing-function:linear}34.29%{left:1084.4999999999993px;top:155.75000000000153px;-webkit-transform:matrix3d(-0.99612743, .08699936, -0.0084079, 0, -0.08479208, -0.93805858, .33581518, 0, .0212993, .33525345, .9419245, 0, -137.5, 182.25, 0, 1);-webkit-animation-timing-function:linear}45.71%{left:1084.4999999999993px;top:155.75000000000153px;-webkit-transform:matrix3d(-0.9961, .087, -0.0084, 0, -0.0848, -0.9381, .3358, 0, .0213, .3353, .9419, 0, -280, 389.75, 0, 1);-webkit-animation-timing-function:linear}62.86%{left:1084.4999999999993px;top:155.75000000000153px;-webkit-transform:matrix3d(-0.17010367, -0.92715041, .33383527, 0, .98512486, -0.16731027, .03723184, 0, .0213, .3353, .9419, 0, -280, 389.75, 0, 1);-webkit-animation-timing-function:linear}65.71%{left:1084.4999999999993px;top:155.75000000000153px;-webkit-transform:matrix3d(-0.16403594, -0.85702469, .48848891, 0, .98440501, -0.11104052, .13564763, 0, -0.0620379, .50328313, .86195139, 0, -468.98243309, 244.49100734, 0, 1);-webkit-animation-timing-function:linear}82.86%{left:1084.4999999999993px;top:155.75000000000153px;-webkit-transform:matrix3d(-0.17641724, -0.66015269, .73008973, 0, .8408619, .28448237, .46033229, 0, -0.5114798, .69523313, .50510076, 0, -614.55120757, 131.62947747, 0, 1);-webkit-animation-timing-function:linear}100%{left:1084.4999999999993px;top:155.75000000000153px;-webkit-transform:matrix3d(-0.22043427, -0.9679485, .12085301, 0, .9530795, -0.24000459, -0.18414766, 0, .20714782, .07470493, .97546517, 0, -1197.63887682, -288.10398118, 0, 1);-webkit-animation-timing-function:linear}}@-moz-keyframes gwd-gen-wktegwdanimation_gwd-keyframes{0%{left:1262px;top:5.75px;-moz-transform:matrix3d(1, 0, 0, 0, 0, 1, 0, 0, 0, 0, 1, 0, 0, 0, 0, 1);-moz-animation-timing-function:linear}17.14%{left:1084.4999999999993px;top:155.75000000000153px;-moz-transform:matrix3d(.02157845, .99864096, -0.04744056, 0, .99964329, -0.0222984, -0.01469923, 0, -0.0157371, -0.04710645, -0.9987659, 0, 0, 0, 0, 1);-moz-animation-timing-function:linear}34.29%{left:1084.4999999999993px;top:155.75000000000153px;-moz-transform:matrix3d(-0.99612743, .08699936, -0.0084079, 0, -0.08479208, -0.93805858, .33581518, 0, .0212993, .33525345, .9419245, 0, -137.5, 182.25, 0, 1);-moz-animation-timing-function:linear}45.71%{left:1084.4999999999993px;top:155.75000000000153px;-moz-transform:matrix3d(-0.9961, .087, -0.0084, 0, -0.0848, -0.9381, .3358, 0, .0213, .3353, .9419, 0, -280, 389.75, 0, 1);-moz-animation-timing-function:linear}62.86%{left:1084.4999999999993px;top:155.75000000000153px;-moz-transform:matrix3d(-0.17010367, -0.92715041, .33383527, 0, .98512486, -0.16731027, .03723184, 0, .0213, .3353, .9419, 0, -280, 389.75, 0, 1);-moz-animation-timing-function:linear}65.71%{left:1084.4999999999993px;top:155.75000000000153px;-moz-transform:matrix3d(-0.16403594, -0.85702469, .48848891, 0, .98440501, -0.11104052, .13564763, 0, -0.0620379, .50328313, .86195139, 0, -468.98243309, 244.49100734, 0, 1);-moz-animation-timing-function:linear}82.86%{left:1084.4999999999993px;top:155.75000000000153px;-moz-transform:matrix3d(-0.17641724, -0.66015269, .73008973, 0, .8408619, .28448237, .46033229, 0, -0.5114798, .69523313, .50510076, 0, -614.55120757, 131.62947747, 0, 1);-moz-animation-timing-function:linear}100%{left:1084.4999999999993px;top:155.75000000000153px;-moz-transform:matrix3d(-0.22043427, -0.9679485, .12085301, 0, .9530795, -0.24000459, -0.18414766, 0, .20714782, .07470493, .97546517, 0, -1197.63887682, -288.10398118, 0, 1);-moz-animation-timing-function:linear}}@keyframes gwd-gen-wktegwdanimation_gwd-keyframes{0%{left:1262px;top:5.75px;transform:matrix3d(1, 0, 0, 0, 0, 1, 0, 0, 0, 0, 1, 0, 0, 0, 0, 1);animation-timing-function:linear}17.14%{left:1084.4999999999993px;top:155.75000000000153px;transform:matrix3d(.02157845, .99864096, -0.04744056, 0, .99964329, -0.0222984, -0.01469923, 0, -0.0157371, -0.04710645, -0.9987659, 0, 0, 0, 0, 1);animation-timing-function:linear}34.29%{left:1084.4999999999993px;top:155.75000000000153px;transform:matrix3d(-0.99612743, .08699936, -0.0084079, 0, -0.08479208, -0.93805858, .33581518, 0, .0212993, .33525345, .9419245, 0, -137.5, 182.25, 0, 1);animation-timing-function:linear}45.71%{left:1084.4999999999993px;top:155.75000000000153px;transform:matrix3d(-0.9961, .087, -0.0084, 0, -0.0848, -0.9381, .3358, 0, .0213, .3353, .9419, 0, -280, 389.75, 0, 1);animation-timing-function:linear}62.86%{left:1084.4999999999993px;top:155.75000000000153px;transform:matrix3d(-0.17010367, -0.92715041, .33383527, 0, .98512486, -0.16731027, .03723184, 0, .0213, .3353, .9419, 0, -280, 389.75, 0, 1);animation-timing-function:linear}65.71%{left:1084.4999999999993px;top:155.75000000000153px;transform:matrix3d(-0.16403594, -0.85702469, .48848891, 0, .98440501, -0.11104052, .13564763, 0, -0.0620379, .50328313, .86195139, 0, -468.98243309, 244.49100734, 0, 1);animation-timing-function:linear}82.86%{left:1084.4999999999993px;top:155.75000000000153px;transform:matrix3d(-0.17641724, -0.66015269, .73008973, 0, .8408619, .28448237, .46033229, 0, -0.5114798, .69523313, .50510076, 0, -614.55120757, 131.62947747, 0, 1);animation-timing-function:linear}100%{left:1084.4999999999993px;top:155.75000000000153px;transform:matrix3d(-0.22043427, -0.9679485, .12085301, 0, .9530795, -0.24000459, -0.18414766, 0, .20714782, .07470493, .97546517, 0, -1197.63887682, -288.10398118, 0, 1);animation-timing-function:linear}}#page1.gwd-play-animation .gwd-gen-wktegwdanimation{-webkit-animation:gwd-gen-wktegwdanimation_gwd-keyframes 17.5s linear 0s 1 normal forwards;-moz-animation:gwd-gen-wktegwdanimation_gwd-keyframes 17.5s linear 0s 1 normal forwards;animation:gwd-gen-wktegwdanimation_gwd-keyframes 17.5s linear 0s 1 normal forwards}.gwd-canvas-4ixd{position:absolute;height:100px;width:90px;-webkit-transform-style:preserve-3d;-moz-transform-style:preserve-3d;transform-style:preserve-3d;left:1178.0357142856801px;top:404px;-webkit-transform:matrix3d(1, 0, 0, 0, 0, 1, 0, 0, 0, 0, 1, 0, 0, 0, 0, 1);-moz-transform:matrix3d(1, 0, 0, 0, 0, 1, 0, 0, 0, 0, 1, 0, 0, 0, 0, 1);transform:matrix3d(1, 0, 0, 0, 0, 1, 0, 0, 0, 0, 1, 0, 0, 0, 0, 1)}.gwd-canvas-ypvm{width:90px;left:56.497252747218624px;top:220.30769230769164px;-webkit-transform-origin:0px 36.7093680227px 0px;-moz-transform-origin:0px 36.7093680227px 0px;transform-origin:0px 36.7093680227px 0px;-webkit-transform:matrix3d(-0.05442935, .99847997, .00867146, 0, -0.98604472, -0.05511577, .1570925, 0, .15733165, 0, .98754582, 0, 58.01601683, -81.06228939, -2.47807414, 1);-moz-transform:matrix3d(-0.05442935, .99847997, .00867146, 0, -0.98604472, -0.05511577, .1570925, 0, .15733165, 0, .98754582, 0, 58.01601683, -81.06228939, -2.47807414, 1);transform:matrix3d(-0.05442935, .99847997, .00867146, 0, -0.98604472, -0.05511577, .1570925, 0, .15733165, 0, .98754582, 0, 58.01601683, -81.06228939, -2.47807414, 1);-webkit-transform-style:preserve-3d;-moz-transform-style:preserve-3d;transform-style:preserve-3d}.gwd-canvas-730p{-webkit-transform:matrix3d(1, 0, 0, 0, 0, 1, 0, 0, 0, 0, 1, 0, 0, 0, 0, 1);-moz-transform:matrix3d(1, 0, 0, 0, 0, 1, 0, 0, 0, 0, 1, 0, 0, 0, 0, 1);transform:matrix3d(1, 0, 0, 0, 0, 1, 0, 0, 0, 0, 1, 0, 0, 0, 0, 1);left:1162.9587912087563px;top:400.7692307692301px}@-webkit-keyframes gwd-gen-8ex0gwdanimation_gwd-keyframes{0%{left:1162.9587912087563px;top:400.7692307692301px;-webkit-transform:matrix3d(1, 0, 0, 0, 0, 1, 0, 0, 0, 0, 1, 0, 0, 0, 0, 1);-webkit-animation-timing-function:linear}17.14%{left:1162.7499999999645px;top:221.4285714285715px;-webkit-transform:matrix3d(.71647799, -0.53899659, -0.44287917, 0, .60116867, .79912216, 0, 0, .35391456, -0.26624508, .89658131, 0, 0, 0, 0, 1);-webkit-animation-timing-function:linear}34.29%{left:1162.7499999999645px;top:221.4285714285715px;-webkit-transform:matrix3d(-0.20080671, -0.51996444, -0.83028405, 0, .93382806, .15460948, -0.3227002, 0, .29614307, -0.84004592, .45447217, 0, -225.31526516, -111.2315866, 0, 1);-webkit-animation-timing-function:linear}45.71%{left:1162.7499999999645px;top:221.4285714285715px;-webkit-transform:matrix3d(-0.2008, -0.52, -0.8303, 0, .97855373, -0.06686321, -0.19481503, 0, .04571916, -0.85148721, .52225726, 0, -572.84391857, -147.2645025, 0, 1);-webkit-animation-timing-function:linear}62.86%{left:1162.7499999999645px;top:221.4285714285715px;-webkit-transform:matrix3d(-0.2008, -0.52, -0.8303, 0, .9786, -0.0669, -0.1948, 0, .0457, -0.8515, .5223, 0, -825.03409321, -145.2439562, 0, 1);-webkit-animation-timing-function:linear}65.71%{left:1162.7499999999645px;top:221.4285714285715px;-webkit-transform:matrix3d(-0.2008, -0.52, -0.8303, 0, -0.25181203, -0.79159179, .55673762, 0, -0.94675084, .32079636, .02806329, 0, -1275.34210302, -83.22722392, 0, 1);-webkit-animation-timing-function:linear}82.86%{left:1162.7499999999645px;top:221.4285714285715px;-webkit-transform:matrix3d(-0.2008, -0.52, -0.8303, 0, -0.96371494, .25734485, .07193456, 0, .17631507, .81444265, -0.55274761, 0, -1054.06736937, 52.09285451, 0, 1);-webkit-animation-timing-function:linear}100%{left:1162.7499999999645px;top:221.4285714285715px;-webkit-transform:matrix3d(-0.2008, -0.52, -0.8303, 0, -0.9637, .2573, .0719, 0, .1763, .8144, -0.5527, 0, -127.03112266, -303.30167581, 0, 1);-webkit-animation-timing-function:linear}}@-moz-keyframes gwd-gen-8ex0gwdanimation_gwd-keyframes{0%{left:1162.9587912087563px;top:400.7692307692301px;-moz-transform:matrix3d(1, 0, 0, 0, 0, 1, 0, 0, 0, 0, 1, 0, 0, 0, 0, 1);-moz-animation-timing-function:linear}17.14%{left:1162.7499999999645px;top:221.4285714285715px;-moz-transform:matrix3d(.71647799, -0.53899659, -0.44287917, 0, .60116867, .79912216, 0, 0, .35391456, -0.26624508, .89658131, 0, 0, 0, 0, 1);-moz-animation-timing-function:linear}34.29%{left:1162.7499999999645px;top:221.4285714285715px;-moz-transform:matrix3d(-0.20080671, -0.51996444, -0.83028405, 0, .93382806, .15460948, -0.3227002, 0, .29614307, -0.84004592, .45447217, 0, -225.31526516, -111.2315866, 0, 1);-moz-animation-timing-function:linear}45.71%{left:1162.7499999999645px;top:221.4285714285715px;-moz-transform:matrix3d(-0.2008, -0.52, -0.8303, 0, .97855373, -0.06686321, -0.19481503, 0, .04571916, -0.85148721, .52225726, 0, -572.84391857, -147.2645025, 0, 1);-moz-animation-timing-function:linear}62.86%{left:1162.7499999999645px;top:221.4285714285715px;-moz-transform:matrix3d(-0.2008, -0.52, -0.8303, 0, .9786, -0.0669, -0.1948, 0, .0457, -0.8515, .5223, 0, -825.03409321, -145.2439562, 0, 1);-moz-animation-timing-function:linear}65.71%{left:1162.7499999999645px;top:221.4285714285715px;-moz-transform:matrix3d(-0.2008, -0.52, -0.8303, 0, -0.25181203, -0.79159179, .55673762, 0, -0.94675084, .32079636, .02806329, 0, -1275.34210302, -83.22722392, 0, 1);-moz-animation-timing-function:linear}82.86%{left:1162.7499999999645px;top:221.4285714285715px;-moz-transform:matrix3d(-0.2008, -0.52, -0.8303, 0, -0.96371494, .25734485, .07193456, 0, .17631507, .81444265, -0.55274761, 0, -1054.06736937, 52.09285451, 0, 1);-moz-animation-timing-function:linear}100%{left:1162.7499999999645px;top:221.4285714285715px;-moz-transform:matrix3d(-0.2008, -0.52, -0.8303, 0, -0.9637, .2573, .0719, 0, .1763, .8144, -0.5527, 0, -127.03112266, -303.30167581, 0, 1);-moz-animation-timing-function:linear}}@keyframes gwd-gen-8ex0gwdanimation_gwd-keyframes{0%{left:1162.9587912087563px;top:400.7692307692301px;transform:matrix3d(1, 0, 0, 0, 0, 1, 0, 0, 0, 0, 1, 0, 0, 0, 0, 1);animation-timing-function:linear}17.14%{left:1162.7499999999645px;top:221.4285714285715px;transform:matrix3d(.71647799, -0.53899659, -0.44287917, 0, .60116867, .79912216, 0, 0, .35391456, -0.26624508, .89658131, 0, 0, 0, 0, 1);animation-timing-function:linear}34.29%{left:1162.7499999999645px;top:221.4285714285715px;transform:matrix3d(-0.20080671, -0.51996444, -0.83028405, 0, .93382806, .15460948, -0.3227002, 0, .29614307, -0.84004592, .45447217, 0, -225.31526516, -111.2315866, 0, 1);animation-timing-function:linear}45.71%{left:1162.7499999999645px;top:221.4285714285715px;transform:matrix3d(-0.2008, -0.52, -0.8303, 0, .97855373, -0.06686321, -0.19481503, 0, .04571916, -0.85148721, .52225726, 0, -572.84391857, -147.2645025, 0, 1);animation-timing-function:linear}62.86%{left:1162.7499999999645px;top:221.4285714285715px;transform:matrix3d(-0.2008, -0.52, -0.8303, 0, .9786, -0.0669, -0.1948, 0, .0457, -0.8515, .5223, 0, -825.03409321, -145.2439562, 0, 1);animation-timing-function:linear}65.71%{left:1162.7499999999645px;top:221.4285714285715px;transform:matrix3d(-0.2008, -0.52, -0.8303, 0, -0.25181203, -0.79159179, .55673762, 0, -0.94675084, .32079636, .02806329, 0, -1275.34210302, -83.22722392, 0, 1);animation-timing-function:linear}82.86%{left:1162.7499999999645px;top:221.4285714285715px;transform:matrix3d(-0.2008, -0.52, -0.8303, 0, -0.96371494, .25734485, .07193456, 0, .17631507, .81444265, -0.55274761, 0, -1054.06736937, 52.09285451, 0, 1);animation-timing-function:linear}100%{left:1162.7499999999645px;top:221.4285714285715px;transform:matrix3d(-0.2008, -0.52, -0.8303, 0, -0.9637, .2573, .0719, 0, .1763, .8144, -0.5527, 0, -127.03112266, -303.30167581, 0, 1);animation-timing-function:linear}}#page1.gwd-play-animation .gwd-gen-8ex0gwdanimation{-webkit-animation:gwd-gen-8ex0gwdanimation_gwd-keyframes 17.5s linear 0s 1 normal forwards;-moz-animation:gwd-gen-8ex0gwdanimation_gwd-keyframes 17.5s linear 0s 1 normal forwards;animation:gwd-gen-8ex0gwdanimation_gwd-keyframes 17.5s linear 0s 1 normal forwards}@-webkit-keyframes gwd-gen-69i8gwdanimation_gwd-keyframes{0%{-webkit-transform:matrix3d(-0.05442935, .99847997, .00867146, 0, -0.98604472, -0.05511577, .1570925, 0, .15733165, 0, .98754582, 0, 58.01601683, -81.06228939, -2.47807414, 1);-webkit-transform-origin:0px 36.7093680227px 0px;-webkit-animation-timing-function:linear}26.09%{-webkit-transform:matrix3d(-0.16310349, .50891963, -0.84522072, 0, -0.98604472, -0.05511577, .1570925, 0, .03336246, .85904776, .51080709, 0, 399.97588438, -57.94527017, -2.47807414, 1);-webkit-transform-origin:0px 36.7093680227px 0px;-webkit-animation-timing-function:linear}52.19%{-webkit-transform:matrix3d(-0.1631, .5089, -0.8452, 0, -0.986, -0.0551, .1571, 0, .0334, .859, .5108, 0, 755.6365221, -15.41437854, -2.4781, 1);-webkit-transform-origin:0px 36.7093680227px 0px;-webkit-animation-timing-function:linear}69.56%{-webkit-transform:matrix3d(-0.16875122, .37218407, -0.91266335, 0, -0.97650082, -0.18877625, .10357033, 0, -0.1337249, .90870169, .39532125, 0, 787.78912472, 461.04049202, -248.69318233, 1);-webkit-transform-origin:237.77788028px -282.27759845px .00169944px;-webkit-animation-timing-function:linear}69.57%{-webkit-transform:matrix3d(-0.1688, .3722, -0.9127, 0, -0.9765, -0.1888, .1036, 0, -0.1337, .9087, .3953, 0, 1100.21737983, 610.55944316, -248.6932, 1);-webkit-transform-origin:237.77788028px -282.27759845px .00169944px;-webkit-animation-timing-function:linear}95.66%{-webkit-transform:matrix3d(-0.1688, .3722, -0.9127, 0, -0.81223744, -0.57705033, -0.08510961, 0, -0.55829945, .72690718, .39968913, 0, 1177.656082, 196.57033678, -59.7054523, 1);-webkit-transform-origin:0px 47.0993410935px 0px;-webkit-animation-timing-function:linear}95.67%{-webkit-transform:matrix3d(-0.1688, .3722, -0.9127, 0, -0.8122, -0.5771, -0.0851, 0, -0.5583, .7269, .3997, 0, 1344.86837687, 287.21928631, -59.7055, 1);-webkit-transform-origin:0px 47.0993410935px 0px;-webkit-animation-timing-function:linear}100%{-webkit-transform:matrix3d(-0.1688, .3722, -0.9127, 0, -0.8122, -0.5771, -0.0851, 0, -0.5583, .7269, .3997, 0, 1402.71507813, 334.19330791, -59.7055, 1);-webkit-transform-origin:0px 47.0993410935px 0px;-webkit-animation-timing-function:linear}}@-moz-keyframes gwd-gen-69i8gwdanimation_gwd-keyframes{0%{-moz-transform:matrix3d(-0.05442935, .99847997, .00867146, 0, -0.98604472, -0.05511577, .1570925, 0, .15733165, 0, .98754582, 0, 58.01601683, -81.06228939, -2.47807414, 1);-moz-transform-origin:0px 36.7093680227px 0px;-moz-animation-timing-function:linear}26.09%{-moz-transform:matrix3d(-0.16310349, .50891963, -0.84522072, 0, -0.98604472, -0.05511577, .1570925, 0, .03336246, .85904776, .51080709, 0, 399.97588438, -57.94527017, -2.47807414, 1);-moz-transform-origin:0px 36.7093680227px 0px;-moz-animation-timing-function:linear}52.19%{-moz-transform:matrix3d(-0.1631, .5089, -0.8452, 0, -0.986, -0.0551, .1571, 0, .0334, .859, .5108, 0, 755.6365221, -15.41437854, -2.4781, 1);-moz-transform-origin:0px 36.7093680227px 0px;-moz-animation-timing-function:linear}69.56%{-moz-transform:matrix3d(-0.16875122, .37218407, -0.91266335, 0, -0.97650082, -0.18877625, .10357033, 0, -0.1337249, .90870169, .39532125, 0, 787.78912472, 461.04049202, -248.69318233, 1);-moz-transform-origin:237.77788028px -282.27759845px .00169944px;-moz-animation-timing-function:linear}69.57%{-moz-transform:matrix3d(-0.1688, .3722, -0.9127, 0, -0.9765, -0.1888, .1036, 0, -0.1337, .9087, .3953, 0, 1100.21737983, 610.55944316, -248.6932, 1);-moz-transform-origin:237.77788028px -282.27759845px .00169944px;-moz-animation-timing-function:linear}95.66%{-moz-transform:matrix3d(-0.1688, .3722, -0.9127, 0, -0.81223744, -0.57705033, -0.08510961, 0, -0.55829945, .72690718, .39968913, 0, 1177.656082, 196.57033678, -59.7054523, 1);-moz-transform-origin:0px 47.0993410935px 0px;-moz-animation-timing-function:linear}95.67%{-moz-transform:matrix3d(-0.1688, .3722, -0.9127, 0, -0.8122, -0.5771, -0.0851, 0, -0.5583, .7269, .3997, 0, 1344.86837687, 287.21928631, -59.7055, 1);-moz-transform-origin:0px 47.0993410935px 0px;-moz-animation-timing-function:linear}100%{-moz-transform:matrix3d(-0.1688, .3722, -0.9127, 0, -0.8122, -0.5771, -0.0851, 0, -0.5583, .7269, .3997, 0, 1402.71507813, 334.19330791, -59.7055, 1);-moz-transform-origin:0px 47.0993410935px 0px;-moz-animation-timing-function:linear}}@keyframes gwd-gen-69i8gwdanimation_gwd-keyframes{0%{transform:matrix3d(-0.05442935, .99847997, .00867146, 0, -0.98604472, -0.05511577, .1570925, 0, .15733165, 0, .98754582, 0, 58.01601683, -81.06228939, -2.47807414, 1);transform-origin:0px 36.7093680227px 0px;animation-timing-function:linear}26.09%{transform:matrix3d(-0.16310349, .50891963, -0.84522072, 0, -0.98604472, -0.05511577, .1570925, 0, .03336246, .85904776, .51080709, 0, 399.97588438, -57.94527017, -2.47807414, 1);transform-origin:0px 36.7093680227px 0px;animation-timing-function:linear}52.19%{transform:matrix3d(-0.1631, .5089, -0.8452, 0, -0.986, -0.0551, .1571, 0, .0334, .859, .5108, 0, 755.6365221, -15.41437854, -2.4781, 1);transform-origin:0px 36.7093680227px 0px;animation-timing-function:linear}69.56%{transform:matrix3d(-0.16875122, .37218407, -0.91266335, 0, -0.97650082, -0.18877625, .10357033, 0, -0.1337249, .90870169, .39532125, 0, 787.78912472, 461.04049202, -248.69318233, 1);transform-origin:237.77788028px -282.27759845px .00169944px;animation-timing-function:linear}69.57%{transform:matrix3d(-0.1688, .3722, -0.9127, 0, -0.9765, -0.1888, .1036, 0, -0.1337, .9087, .3953, 0, 1100.21737983, 610.55944316, -248.6932, 1);transform-origin:237.77788028px -282.27759845px .00169944px;animation-timing-function:linear}95.66%{transform:matrix3d(-0.1688, .3722, -0.9127, 0, -0.81223744, -0.57705033, -0.08510961, 0, -0.55829945, .72690718, .39968913, 0, 1177.656082, 196.57033678, -59.7054523, 1);transform-origin:0px 47.0993410935px 0px;animation-timing-function:linear}95.67%{transform:matrix3d(-0.1688, .3722, -0.9127, 0, -0.8122, -0.5771, -0.0851, 0, -0.5583, .7269, .3997, 0, 1344.86837687, 287.21928631, -59.7055, 1);transform-origin:0px 47.0993410935px 0px;animation-timing-function:linear}100%{transform:matrix3d(-0.1688, .3722, -0.9127, 0, -0.8122, -0.5771, -0.0851, 0, -0.5583, .7269, .3997, 0, 1402.71507813, 334.19330791, -59.7055, 1);transform-origin:0px 47.0993410935px 0px;animation-timing-function:linear}}#page1.gwd-play-animation .gwd-gen-69i8gwdanimation{-webkit-animation:gwd-gen-69i8gwdanimation_gwd-keyframes 11.499s linear 0s infinite normal forwards;-moz-animation:gwd-gen-69i8gwdanimation_gwd-keyframes 11.499s linear 0s infinite normal forwards;animation:gwd-gen-69i8gwdanimation_gwd-keyframes 11.499s linear 0s infinite normal forwards}</style>
    <script data-source="gwdpage_min.js" data-version="1" data-exports-type="gwd-page" type="text/javascript">(function(){"use strict";var b=function(a){setTimeout(a,0)};var d=function(a,e){var c;c=document.createEvent("Event");c.initEvent(a,!0,!0);e.dispatchEvent(c)};document.register&&document.registerElement("gwd-page",{prototype:Object.create(HTMLDivElement.prototype,{createdCallback:{value:function(){this.c=this.handleReadyEvent_.bind(this);this.a=[];this.b=!1;var a=parseInt(this.getAttribute("data-gwd-width"),10)||this.clientWidth;this.d=(parseInt(this.getAttribute("data-gwd-height"),10)||this.clientHeight)>=a},enumerable:!0},attachedCallback:{value:function(){this.addEventListener("ready",this.c,!1);b(function(){this.a=Array.prototype.slice.call(this.querySelectorAll("*")).filter(function(a){return"function"!=
